case = Test 1
Input =35 4 36 5 35 5 32 10 34 12 33 8 37 3 0 0 
Output =7 3 1 1 1 33.5 8.75 42.85714286

case=Test 4
Input=34 12 38 4 25 22 39 12 30 3 36 9 38 11 29 2 39 14 0 0 
Output=9 7 2 4 1 29.5 17.0 77.77777777777777

case=Test 5 
Input=36 5 35 6 34 7 0 0
Output=3 1 0 1 0 34.5 6.5 33.333333333333336

case=Test 6
Input=36 5 35 6 34 7 0 0
Output=3 1 0 1 0 34.5 6.5 33.333333333333336
